1 2 0 177 202 182 0 0 0 1 0 0 0 0 0 1 2 0 3
0 2 2 11 0 0 1 1 222 319 2 300 0 5 0 4 0 0 2
1 0 0 1 1 1 1 0 0 2 0 0 122 1 265 169 0 0 0
0 0 2 177 3 0 2 1 225 4 8 1 127 4 0 7 0 0 2
1 3 2 9 204 1 0 0 0 316 0 0 0 1 269 0 1 0 1
0 1 0 3 2 198 1 2 0 7 1 300 0 3 0 164 0 0 2
0 3 0 178 2 2 2 1 2 301 1 0 0 2 0 171 1 0 1
0 2 3 0 206 2 1 3 0 8 11 304 134 2 0 3 3 0 1
1 1 5 12 2 199 0 0 226 7 3 0 0 3 270 5 0 0 0
1 2 5 171 3 202 1 2 0 7 3 308 0 1 0 1 2 0 1
1 1 1 1 194 4 1 1 0 0 2 0 0 1 265 167 6 0 0
1 1 1 7 0 0 0 0 236 317 1 0 0 4 263 4 0 0 1
0 2 0 183 1 0 2 1 2 0 0 0 0 0 0 0 1 0 0
0 1 5 0 191 0 0 0 0 1 0 0 0 0 0 0 3 0 0
0 0 1 7 2 183 0 0 0 1 1 0 0 0 0 0 0 0 1
0 0 1 2 0 0 0 0 230 4 1 0 0 3 0 0 0 0 0
0 1 1 9 0 0 0 0 0 321 0 0 0 1 0 0 0 0 1
0 2 0 0 0 0 0 1 0 7 1 296 0 1 0 0 0 0 0
0 0 1 0 1 0 0 0 0 0 2 0 132 1 0 1 0 0 0
1 0 0 0 0 0 0 0 0 0 0 0 0 0 273 0 0 0 0
0 0 0 0 0 1 0 0 0 0 0 0 0 0 0 163 0 0 0
2 0 265 0 5 0 1 0 1 0 0 0 0 0 0 0 3 0 3
