1 2 0 179 176 179 0 0 0 1 0 0 0 0 0 1 2 0 2
0 3 2 5 0 0 1 1 201 264 2 258 0 6 0 1 0 0 3
4 0 0 1 1 1 1 0 0 1 0 0 103 1 277 147 0 0 0
0 0 2 153 3 0 1 1 208 2 2 1 111 3 0 3 0 0 1
4 4 2 3 177 1 0 0 0 252 0 0 0 1 274 0 1 0 2
0 2 0 3 2 176 1 2 0 2 1 244 0 3 0 129 0 0 2
0 3 0 159 1 3 1 1 1 262 1 0 0 1 0 128 2 0 2
0 3 2 0 189 2 1 3 0 3 4 250 112 3 0 2 4 0 1
5 1 2 5 2 187 0 0 203 4 3 0 0 2 282 2 0 0 0
1 2 2 152 4 175 1 2 0 2 3 251 0 3 0 1 2 0 1
4 1 1 1 178 4 1 1 0 0 2 0 0 1 266 129 6 0 0
6 2 1 4 0 0 0 0 215 268 1 0 0 3 284 1 0 0 2
0 1 0 175 1 0 1 1 1 0 0 0 0 0 0 0 1 0 0
0 1 3 0 168 0 0 0 0 1 0 0 0 0 0 0 3 0 0
0 0 1 3 2 154 0 0 0 1 1 0 0 0 0 0 0 0 1
0 0 1 2 0 0 0 0 203 2 1 0 0 2 0 0 0 0 0
0 2 1 3 0 0 0 0 0 260 0 0 0 1 0 0 0 0 2
0 3 0 0 0 0 0 1 0 2 1 233 0 1 0 0 0 0 0
0 0 1 0 1 0 0 0 0 0 1 0 107 2 0 1 0 0 0
4 0 0 0 0 0 0 0 0 0 0 0 0 0 286 0 0 0 0
0 0 0 0 0 1 0 0 0 0 0 0 0 0 0 138 0 0 0
2 0 232 0 3 0 1 0 1 0 0 0 0 0 0 0 2 0 4
