1 1 0 0 189 173 160 0 0 0 2 0 0 1 0 0 1 2 2
1 2 0 2 4 0 0 0 1 207 282 5 253 0 7 0 1 0 2
4 0 0 0 1 0 1 1 1 0 1 0 0 116 1 278 146 0 0
1 0 0 0 160 3 0 1 0 213 3 2 1 124 6 0 3 0 1
4 2 0 2 2 166 1 0 0 0 263 1 0 0 1 281 0 1 3
0 0 0 0 6 2 163 0 3 0 3 4 238 1 3 0 132 0 1
0 3 0 0 168 1 3 1 1 1 275 2 1 0 2 1 127 2 2
0 2 0 3 0 177 2 0 2 0 5 6 245 133 3 0 2 4 1
6 1 0 0 6 2 166 0 0 211 6 3 0 0 3 292 2 0 0
1 1 0 2 170 4 155 0 1 0 3 5 248 0 5 2 1 2 0
4 0 0 1 1 169 4 1 1 0 2 2 0 2 1 280 130 4 0
6 2 0 1 4 0 0 0 0 221 278 2 0 0 4 297 1 0 2
0 0 0 0 183 1 0 1 0 1 0 0 0 0 0 0 0 1 0
0 1 0 2 0 165 0 0 0 0 2 0 0 2 0 0 0 2 0
0 0 0 1 7 2 138 0 0 0 1 1 0 0 1 0 0 0 1
1 0 0 0 2 0 0 0 0 210 3 1 0 0 3 0 0 0 0
0 2 0 1 2 0 0 0 0 0 273 1 0 0 1 0 0 0 2
0 0 0 1 0 0 0 0 1 0 3 2 230 0 1 0 0 0 0
0 0 0 0 0 0 0 0 0 0 0 1 0 119 2 0 1 0 0
4 0 0 0 0 0 0 0 0 0 0 0 0 0 0 285 0 0 0
0 0 0 0 0 0 1 0 1 0 0 0 0 2 0 0 135 0 0
2 0 0 210 0 2 0 1 0 1 0 0 0 0 0 0 0 2 3
