1 1 0 0 188 192 161 0 0 0 2 0 0 1 0 0 1 2 3
1 2 0 2 8 0 0 0 1 229 328 3 308 0 6 0 4 0 1
1 0 0 0 1 0 1 1 1 0 2 0 0 128 1 260 169 0 0
1 0 0 0 190 3 0 2 0 234 6 8 1 131 6 0 7 0 2
1 2 0 2 6 190 1 0 0 0 318 1 0 0 1 263 0 1 2
0 0 0 0 4 2 169 0 3 0 8 2 306 1 3 0 166 0 1
0 3 0 0 188 2 2 2 1 1 306 2 1 0 3 3 174 1 1
0 1 0 4 0 197 2 0 2 0 10 12 312 142 2 0 3 3 1
2 1 0 0 13 2 167 0 0 237 10 3 0 0 4 266 5 0 0
1 2 0 2 187 3 176 0 1 0 8 4 318 0 2 3 1 2 0
1 0 0 1 1 180 4 1 1 0 1 2 0 1 1 261 169 4 0
1 2 0 1 7 0 0 0 0 244 322 2 0 0 5 259 4 0 1
0 0 0 0 201 1 0 2 0 1 0 0 0 0 0 0 0 1 0
0 1 0 3 0 181 0 0 0 0 2 0 0 1 0 0 0 2 0
0 0 0 1 8 2 158 0 0 0 1 1 0 0 1 0 0 0 1
1 0 0 0 2 0 0 0 0 239 6 1 0 0 4 0 0 0 0
0 2 0 1 6 0 0 0 0 0 327 1 0 0 1 0 0 0 1
0 0 0 1 0 0 0 0 1 0 10 2 303 0 1 0 0 0 0
0 0 0 0 0 0 0 0 0 0 0 2 0 139 1 0 1 0 0
1 0 0 0 0 0 0 0 0 0 0 0 0 0 0 270 0 0 0
0 0 0 0 0 0 1 0 1 0 0 0 0 1 0 0 162 0 0
2 0 0 251 0 4 0 1 0 1 0 0 0 0 0 0 0 3 2
