0 1 0 165 191 193 0 0 0 0 0 2 0 1 0 1 2 0 2
1 0 2 4 3 1 0 1 1 1 234 273 276 0 0 2 0 0 1
0 0 0 0 0 0 0 1 0 0 0 3 0 204 351 253 0 0 0
0 1 2 139 2 1 0 1 1 0 245 4 0 216 0 5 0 0 1
2 0 2 2 181 1 0 1 0 0 0 266 0 0 342 0 1 0 0
0 0 1 5 6 191 0 0 0 1 0 3 260 2 0 253 0 0 3
1 0 0 142 1 2 0 2 0 0 1 274 1 0 1 216 2 0 0
0 0 4 0 201 2 0 0 0 1 0 6 262 219 0 3 4 0 1
0 0 1 9 4 198 0 0 1 0 240 6 0 0 365 3 0 0 2
0 1 4 141 8 186 0 0 0 0 0 3 268 0 2 1 2 0 3
1 0 1 1 188 3 0 1 0 0 0 2 0 2 333 235 5 0 0
1 0 1 4 0 1 0 1 0 0 252 272 0 0 349 2 0 0 1
0 1 0 159 0 1 0 1 0 0 1 0 0 0 0 0 1 0 0
0 0 3 0 187 0 0 0 0 0 0 2 0 2 0 0 3 0 0
0 0 1 6 3 165 0 0 0 0 0 1 0 0 0 0 0 0 1
0 0 0 2 0 0 0 0 1 0 235 3 0 0 0 1 0 0 1
1 0 1 2 0 0 0 1 0 0 0 272 0 0 0 0 0 0 0
0 0 1 0 3 0 0 0 0 1 0 3 243 0 0 0 0 0 0
0 0 1 0 0 0 0 0 0 0 1 1 0 215 0 2 0 0 0
0 0 0 0 0 0 0 0 0 0 0 0 0 0 355 0 0 0 0
0 0 0 0 0 0 0 0 0 0 0 0 0 3 0 233 0 0 0
0 2 206 0 2 0 0 1 0 0 1 0 0 0 0 0 2 0 1
