0 1 0 172 213 186 0 0 0 0 0 3 0 1 0 1 2 0 3
1 0 2 8 7 1 0 1 1 1 252 330 326 0 0 5 0 0 1
0 0 0 0 0 0 0 1 0 0 0 5 0 273 352 279 0 0 0
0 1 2 174 2 1 0 5 1 0 261 9 0 282 0 22 0 0 2
1 0 2 6 211 1 0 1 0 0 0 328 0 0 354 0 1 0 0
0 0 1 6 10 201 0 0 0 1 0 9 322 2 0 281 0 0 3
1 0 0 170 2 2 0 6 0 0 1 310 1 0 3 284 1 0 0
0 0 5 0 220 2 0 0 0 1 0 13 327 287 0 5 3 0 1
0 0 5 15 3 202 0 0 1 0 259 11 0 0 360 6 0 0 2
0 1 8 165 11 207 0 0 0 0 0 8 332 0 3 1 2 0 3
1 0 1 1 201 3 0 1 0 0 0 1 0 1 355 282 5 0 0
1 0 1 7 0 1 0 1 0 0 269 329 0 0 353 5 0 0 1
0 1 0 182 0 1 0 5 0 0 1 0 0 0 0 0 1 0 0
0 0 5 0 201 0 0 0 0 0 0 2 0 1 0 0 3 0 0
0 0 1 10 3 186 0 0 0 0 0 2 0 0 0 0 0 0 1
0 0 0 2 0 0 0 0 1 0 260 6 0 0 0 1 0 0 1
1 0 1 6 0 0 0 1 0 0 0 333 0 0 0 0 0 0 0
0 0 1 0 7 0 0 0 0 1 0 10 317 0 0 0 0 0 0
0 0 1 0 0 0 0 0 0 0 1 3 0 293 0 3 0 0 0
0 0 0 0 0 0 0 0 0 0 0 0 0 0 362 0 0 0 0
0 0 0 0 0 0 0 0 0 0 0 0 0 2 0 275 0 0 0
0 2 245 0 4 0 0 1 0 0 1 0 0 0 0 0 3 0 1
