1 1 2 0 7 0 155 199 136 1 0 1 1 4 0 0 0 1 1
14734 14696 14696 0 3 1 4 0 0 1 1 200 14658 289 0 7 14507 2 0
4 0 0 0 1 0 1 0 2 1 1 1 1 0 149 4 300 166 0
0 0 0 0 4 0 135 2 1 0 1 199 2 1 162 8 0 4 0
4 5 2 0 5 3 2 193 2 1 0 0 250 1 0 1 306 0 1
0 3 0 14621 5 0 14507 0 145 14696 2 14734 1 268 0 3 0 148 14886
0 2 3 0 4 0 136 1 3 2 2 2 255 1 0 1 0 135 0
0 4 3 0 4 2 0 214 4 4 0 0 3 275 161 5 1 3 1
14772 14848 14583 0 5 1 8 0 147 2 1 194 14621 0 0 3 14545 3 0
1 2 1 0 4 2 130 2 138 4 0 1 2 281 0 3 0 1 1
4 1 0 0 14623 2 0 14811 4 1 14660 0 0 14547 0 14962 291 146 2
6 2 2 0 2 1 4 0 0 0 1 209 263 1 0 4 320 2 0
0 0 0 0 0 0 160 0 0 0 0 2 0 0 0 0 0 0 0
0 1 1 0 1 2 1 197 1 0 1 0 2 3 0 0 2 0 0
0 0 0 0 5 1 7 0 127 0 0 0 1 0 0 0 0 0 0
0 0 0 0 0 4582 2 0 4430 0 1 203 2 0 4355 3 0 4279 0
0 2 2 4623 2 1 4436 0 0 4586 0 4736 258 0 0 1 0 0 4811
0 4 0 0 1 0 0 0 0 1 0 0 2 259 0 1 0 0 0
0 0 0 0 0 0 0 0 1 0 0 0 0 4546 160 5 0 2 0
4 0 0 0 0 0 0 0 0 0 0 0 0 0 0 0 296 0 0
0 0 0 0 0 0 0 0 1 1 1 0 0 0 0 0 0 147 0
3 0 0 1 2 219 0 2 0 0 0 1 0 1 0 0 0 0 1
