1 1 3 0 8 0 154 210 140 1 0 2 2 2 0 0 0 1 1
0 3 2 0 7 1 8 0 0 1 1 213 319 330 0 9 0 5 0
1 0 0 0 1 0 1 0 2 1 1 1 2 0 191 4 300 175 0
0 0 0 0 5 0 154 2 1 0 1 211 4 1 204 8 0 8 0
1 4 2 0 3 3 6 198 2 1 0 0 307 1 0 1 303 0 1
0 2 0 0 11 0 2 0 147 4 1 0 1 329 0 3 0 173 0
0 1 3 0 5 0 155 2 2 2 1 3 300 1 0 2 0 174 0
0 3 3 0 8 3 0 213 4 6 0 0 4 330 205 4 1 4 1
1 0 1 0 7 1 12 0 143 2 1 214 7 0 0 7 303 6 0
1 2 2 0 10 2 143 1 153 3 0 2 2 341 0 1 0 1 1
1 1 0 0 0 2 0 184 4 1 1 0 0 2 0 1 298 172 2
1 1 2 0 2 1 7 0 0 0 1 222 309 1 0 8 300 5 0
0 0 0 0 0 0 160 0 0 0 0 2 0 0 0 0 0 0 0
0 1 1 0 1 3 1 197 2 0 2 0 3 2 0 0 4 0 0
0 0 0 0 7 1 6 0 135 0 0 0 1 0 0 0 0 0 0
0 0 0 0 0 0 2 0 0 0 1 222 4 0 0 7 0 1 0
0 1 2 0 2 1 6 0 0 0 0 0 318 0 0 1 0 0 0
0 3 0 0 5 0 0 0 0 1 0 0 2 321 0 1 0 0 0
0 0 0 0 0 0 0 0 1 0 0 0 0 0 209 4 0 2 0
1 0 0 0 0 0 0 0 0 0 0 0 0 0 0 0 308 0 0
0 0 0 0 0 0 0 0 1 1 1 0 0 0 0 0 0 166 0
3 0 0 1 2 258 0 4 0 0 0 1 0 1 0 0 0 0 1
