2 0 1 2 1 0 140 187 167 0 1 2 0 1 0 0 1 0 0
1 0 0 0 0 3 2 1 0 1 223 295 275 0 5 0 2 0 3
0 0 1 0 0 0 0 0 0 0 0 1 0 153 4 315 168 0 0
0 0 2 1 0 2 117 3 1 1 228 3 1 161 11 0 5 0 2
2 0 1 0 1 2 2 173 1 0 0 285 1 0 1 309 0 0 0
0 0 1 0 1 1 1 2 173 0 0 3 251 1 1 0 149 1 1
2 0 0 2 0 0 117 1 1 0 1 298 2 0 2 1 137 1 0
2 0 0 0 0 4 0 190 2 0 0 4 262 171 3 0 4 0 0
1 0 2 0 1 2 6 1 176 1 225 5 0 0 4 322 3 0 4
2 0 1 0 0 4 125 2 179 0 1 4 270 0 2 2 1 0 1
1 0 1 0 0 1 0 181 3 0 0 0 0 2 1 303 153 1 0
1 0 0 0 0 1 3 0 0 0 237 300 2 0 5 328 2 0 3
0 0 0 2 0 0 141 1 0 0 2 0 0 0 0 0 0 0 0
1 0 2 0 1 4 0 183 0 0 0 1 0 2 0 0 0 0 0
1 0 2 0 0 1 4 1 158 0 0 1 0 0 1 0 0 0 0
0 0 0 0 0 1 0 0 0 1 223 3 0 0 4 0 1 0 4
1 0 0 0 0 1 2 0 0 0 0 294 1 0 1 0 0 0 0
0 0 0 0 0 1 0 1 0 0 0 3 250 0 0 0 0 0 0
0 0 0 0 0 1 0 0 0 0 0 0 0 163 5 0 2 0 0
0 0 0 0 0 0 0 0 0 0 0 0 0 0 0 319 0 0 0
0 0 0 0 0 0 0 0 0 0 0 0 0 2 0 0 146 0 0
1 0 2 0 3 236 0 2 0 0 0 0 3 0 1 0 0 0 2
