2 0 2 2 1 0 147 203 172 0 2 3 0 1 0 0 1 0 0
2 0 0 0 0 3 6 5 0 1 225 334 321 0 9 0 5 0 1
0 0 1 0 0 0 0 0 0 0 0 2 0 196 4 314 178 0 0
0 0 2 1 0 2 151 3 1 1 228 6 1 202 10 0 10 0 1
2 0 2 0 1 2 6 182 1 0 0 324 1 0 1 314 0 0 0
0 0 2 0 1 1 1 6 179 0 0 4 318 1 2 0 175 1 1
1 0 0 1 0 0 148 2 1 0 2 316 3 0 3 3 176 1 0
2 0 0 0 0 6 0 206 2 0 0 4 323 210 3 0 6 0 0
1 0 3 0 1 2 10 1 176 1 229 10 0 0 8 317 6 0 2
2 0 2 0 0 4 147 6 194 0 2 4 333 0 1 3 1 0 1
1 0 2 0 0 1 0 191 3 0 0 0 0 1 1 316 179 1 0
2 0 0 0 0 1 6 0 0 0 236 334 3 0 9 311 5 0 2
0 0 0 2 0 0 157 1 0 0 2 0 0 0 0 0 0 0 0
1 0 2 0 1 7 0 188 0 0 0 1 0 1 0 0 0 0 0
1 0 3 0 0 1 6 1 175 0 0 2 0 0 1 0 0 0 0
0 0 0 0 0 1 0 0 0 1 230 6 0 0 8 0 1 0 2
2 0 0 0 0 1 6 0 0 0 0 340 2 0 1 0 0 0 0
0 0 0 0 0 1 0 5 0 0 0 5 319 0 0 0 0 0 0
0 0 0 0 0 1 0 0 0 0 0 0 0 212 4 0 3 0 0
0 0 0 0 0 0 0 0 0 0 0 0 0 0 0 321 0 0 0
0 0 0 0 0 0 0 0 0 0 0 0 0 1 0 0 170 0 0
3 0 2 0 3 289 0 4 0 0 0 0 2 0 1 0 0 0 2
